1.33544 75.5187 1.50191 27.1062
1.33544 75.5187 2.05263 90.4445
1.33544 75.5187 5.87103 53.1389
1.33544 75.5187 10.3108 62.5132
1.33544 75.5187 14.6546 84.2677
1.33544 75.5187 15.9776 73.1837
1.50191 27.1062 3.23801 16.5734
1.50191 27.1062 3.41189 5.48696
1.50191 27.1062 5.87103 53.1389
1.50191 27.1062 9.49388 38.0087
1.50191 27.1062 15.3633 21.3334
2.05263 90.4445 3.17517 107.422
2.05263 90.4445 10.9167 100.265
2.05263 90.4445 14.6546 84.2677
3.17517 107.422 10.9167 100.265
3.17517 107.422 29.022 107.414
3.23801 16.5734 3.41189 5.48696
3.23801 16.5734 12.9895 10.1363
3.23801 16.5734 15.3633 21.3334
3.41189 5.48696 12.9895 10.1363
3.41189 5.48696 23.9525 8.93187
3.41189 5.48696 33.606 2.16128
5.87103 53.1389 9.49388 38.0087
5.87103 53.1389 10.3108 62.5132
5.87103 53.1389 24.5229 43.1044
5.87103 53.1389 25.7194 54.2848
9.49388 38.0087 15.3633 21.3334
9.49388 38.0087 21.4604 29.8236
9.49388 38.0087 24.5229 43.1044
10.3108 62.5132 15.9776 73.1837
10.3108 62.5132 21.2677 64.3759
10.3108 62.5132 25.7194 54.2848
10.9167 100.265 14.6546 84.2677
10.9167 100.265 19.4308 94.8438
10.9167 100.265 29.022 107.414
12.9895 10.1363 15.3633 21.3334
12.9895 10.1363 23.9525 8.93187
14.6546 84.2677 15.9776 73.1837
14.6546 84.2677 19.4308 94.8438
14.6546 84.2677 27.1833 83.2659
15.3633 21.3334 21.4604 29.8236
15.3633 21.3334 23.9525 8.93187
15.3633 21.3334 25.2423 19.4671
15.9776 73.1837 21.2677 64.3759
15.9776 73.1837 27.1833 83.2659
15.9776 73.1837 30.0687 72.799
19.4308 94.8438 27.1833 83.2659
19.4308 94.8438 29.022 107.414
19.4308 94.8438 29.9015 96.1057
21.2677 64.3759 25.7194 54.2848
21.2677 64.3759 30.0687 72.799
21.2677 64.3759 39.2434 66.1395
21.4604 29.8236 24.5229 43.1044
21.4604 29.8236 25.2423 19.4671
21.4604 29.8236 32.6399 35.2435
23.9525 8.93187 25.2423 19.4671
23.9525 8.93187 33.606 2.16128
23.9525 8.93187 36.4347 18.4502
24.5229 43.1044 25.7194 54.2848
24.5229 43.1044 32.6399 35.2435
24.5229 43.1044 34.3544 46.105
25.2423 19.4671 32.6399 35.2435
25.2423 19.4671 36.4347 18.4502
25.7194 54.2848 34.3544 46.105
25.7194 54.2848 39.2434 66.1395
27.1833 83.2659 29.9015 96.1057
27.1833 83.2659 30.0687 72.799
27.1833 83.2659 39.166 77.5721
27.1833 83.2659 40.3595 89.6149
29.022 107.414 29.9015 96.1057
29.022 107.414 38.2226 102.38
29.022 107.414 48.526 104.328
29.022 107.414 63.5164 107.828
29.9015 96.1057 38.2226 102.38
29.9015 96.1057 40.3595 89.6149
30.0687 72.799 39.166 77.5721
30.0687 72.799 39.2434 66.1395
32.6399 35.2435 34.3544 46.105
32.6399 35.2435 36.4347 18.4502
32.6399 35.2435 43.0643 39.0126
32.6399 35.2435 47.0566 25.3554
33.606 2.16128 36.4347 18.4502
33.606 2.16128 44.8509 7.10881
33.606 2.16128 61.3231 3.14944
33.606 2.16128 85.6537 0.156989
34.3544 46.105 39.2434 66.1395
34.3544 46.105 43.0643 39.0126
34.3544 46.105 45.5641 52.3386
36.4347 18.4502 44.8509 7.10881
36.4347 18.4502 47.0566 25.3554
36.4347 18.4502 52.9249 13.9268
38.2226 102.38 40.3595 89.6149
38.2226 102.38 48.526 104.328
38.2226 102.38 50.1097 92.0145
39.166 77.5721 39.2434 66.1395
39.166 77.5721 40.3595 89.6149
39.166 77.5721 50.8528 80.2059
39.2434 66.1395 45.5641 52.3386
39.2434 66.1395 50.8528 80.2059
39.2434 66.1395 50.9434 62.7573
40.3595 89.6149 50.1097 92.0145
40.3595 89.6149 50.8528 80.2059
43.0643 39.0126 45.5641 52.3386
43.0643 39.0126 47.0566 25.3554
43.0643 39.0126 58.2797 39.6151
44.8509 7.10881 52.9249 13.9268
44.8509 7.10881 61.3231 3.14944
45.5641 52.3386 50.9434 62.7573
45.5641 52.3386 58.2797 39.6151
45.5641 52.3386 60.3812 56.9314
47.0566 25.3554 52.9249 13.9268
47.0566 25.3554 58.2797 39.6151
47.0566 25.3554 60.6358 22.4203
48.526 104.328 50.1097 92.0145
48.526 104.328 63.5164 107.828
48.526 104.328 66.5074 95.9137
50.1097 92.0145 50.8528 80.2059
50.1097 92.0145 59.6076 88.2495
50.1097 92.0145 66.5074 95.9137
50.8528 80.2059 50.9434 62.7573
50.8528 80.2059 58.1501 72.5402
50.8528 80.2059 59.6076 88.2495
50.9434 62.7573 58.1501 72.5402
50.9434 62.7573 60.3812 56.9314
52.9249 13.9268 60.6358 22.4203
52.9249 13.9268 61.3231 3.14944
52.9249 13.9268 66.4177 14.0449
58.1501 72.5402 59.6076 88.2495
58.1501 72.5402 60.3812 56.9314
58.1501 72.5402 69.6249 62.0237
58.1501 72.5402 74.2514 77.4268
58.2797 39.6151 60.3812 56.9314
58.2797 39.6151 60.6358 22.4203
58.2797 39.6151 68.2692 38.4664
58.2797 39.6151 71.7409 52.1262
59.6076 88.2495 66.5074 95.9137
59.6076 88.2495 74.2514 77.4268
59.6076 88.2495 77.671 87.314
60.3812 56.9314 69.6249 62.0237
60.3812 56.9314 71.7409 52.1262
60.6358 22.4203 66.4177 14.0449
60.6358 22.4203 68.2692 38.4664
60.6358 22.4203 72.4519 29.1864
61.3231 3.14944 66.4177 14.0449
61.3231 3.14944 74.8995 8.1892
61.3231 3.14944 85.6537 0.156989
63.5164 107.828 66.5074 95.9137
63.5164 107.828 76.1574 101.601
63.5164 107.828 94.2279 107.932
66.4177 14.0449 72.4519 29.1864
66.4177 14.0449 74.8995 8.1892
66.4177 14.0449 76.7 19.6651
66.5074 95.9137 76.1574 101.601
66.5074 95.9137 77.671 87.314
68.2692 38.4664 71.7409 52.1262
68.2692 38.4664 72.4519 29.1864
68.2692 38.4664 81.3302 38.1488
69.6249 62.0237 71.7409 52.1262
69.6249 62.0237 74.2514 77.4268
69.6249 62.0237 79.2445 68.4245
69.6249 62.0237 83.9002 53.0244
71.7409 52.1262 81.3302 38.1488
71.7409 52.1262 83.9002 53.0244
72.4519 29.1864 76.7 19.6651
72.4519 29.1864 81.3302 38.1488
72.4519 29.1864 89.1409 26.2503
74.2514 77.4268 77.671 87.314
74.2514 77.4268 79.2445 68.4245
74.2514 77.4268 88.7141 71.6392
74.8995 8.1892 76.7 19.6651
74.8995 8.1892 85.6537 0.156989
74.8995 8.1892 85.6571 14.8682
76.1574 101.601 77.671 87.314
76.1574 101.601 89.7367 98.4011
76.1574 101.601 94.2279 107.932
76.7 19.6651 85.6571 14.8682
76.7 19.6651 89.1409 26.2503
77.671 87.314 88.7141 71.6392
77.671 87.314 89.7367 98.4011
77.671 87.314 92.2856 87.5274
79.2445 68.4245 83.9002 53.0244
79.2445 68.4245 88.7141 71.6392
79.2445 68.4245 90.6935 61.6656
81.3302 38.1488 83.9002 53.0244
81.3302 38.1488 89.1409 26.2503
81.3302 38.1488 93.1812 43.5508
83.9002 53.0244 90.6935 61.6656
83.9002 53.0244 93.1812 43.5508
85.6537 0.156989 85.6571 14.8682
85.6537 0.156989 99.286 10.7768
85.6537 0.156989 105.229 1.40651
85.6537 0.156989 140.862 0.126335
85.6571 14.8682 89.1409 26.2503
85.6571 14.8682 99.286 10.7768
88.7141 71.6392 90.6935 61.6656
88.7141 71.6392 92.2856 87.5274
88.7141 71.6392 96.9278 78.0392
88.7141 71.6392 101.019 60.9362
89.1409 26.2503 93.1812 43.5508
89.1409 26.2503 99.286 10.7768
89.1409 26.2503 99.5241 29.0932
89.7367 98.4011 92.2856 87.5274
89.7367 98.4011 94.2279 107.932
89.7367 98.4011 106.863 95.3112
90.6935 61.6656 93.1812 43.5508
90.6935 61.6656 101.019 60.9362
92.2856 87.5274 96.9278 78.0392
92.2856 87.5274 106.863 95.3112
92.2856 87.5274 109.182 85.1576
93.1812 43.5508 99.5241 29.0932
93.1812 43.5508 101.019 60.9362
93.1812 43.5508 104.223 44.921
94.2279 107.932 106.863 95.3112
94.2279 107.932 109.283 105.049
94.2279 107.932 161.994 106.288
96.9278 78.0392 101.019 60.9362
96.9278 78.0392 106.373 72.6409
96.9278 78.0392 109.182 85.1576
99.286 10.7768 99.5241 29.0932
99.286 10.7768 105.229 1.40651
99.286 10.7768 110.175 18.3629
99.5241 29.0932 104.223 44.921
99.5241 29.0932 110.175 18.3629
99.5241 29.0932 111.939 30.7969
101.019 60.9362 104.223 44.921
101.019 60.9362 106.373 72.6409
101.019 60.9362 110.139 53.3317
101.019 60.9362 118.471 59.1417
104.223 44.921 110.139 53.3317
104.223 44.921 111.939 30.7969
104.223 44.921 122.031 39.7812
105.229 1.40651 110.175 18.3629
105.229 1.40651 122.254 5.51651
105.229 1.40651 140.862 0.126335
106.373 72.6409 109.182 85.1576
106.373 72.6409 118.471 59.1417
106.373 72.6409 121.712 76.6159
106.863 95.3112 109.182 85.1576
106.863 95.3112 109.283 105.049
106.863 95.3112 121.403 100.088
106.863 95.3112 123.379 86.6745
109.182 85.1576 121.712 76.6159
109.182 85.1576 123.379 86.6745
109.283 105.049 121.403 100.088
109.283 105.049 132.246 101.787
109.283 105.049 161.994 106.288
110.139 53.3317 118.471 59.1417
110.139 53.3317 122.031 39.7812
110.175 18.3629 111.939 30.7969
110.175 18.3629 122.069 25.0924
110.175 18.3629 122.254 5.51651
110.175 18.3629 127.297 15.4412
111.939 30.7969 122.031 39.7812
111.939 30.7969 122.069 25.0924
118.471 59.1417 121.712 76.6159
118.471 59.1417 122.031 39.7812
118.471 59.1417 125.507 67.2181
118.471 59.1417 129.364 57.6847
118.471 59.1417 131.195 45.3874
121.403 100.088 123.379 86.6745
121.403 100.088 132.246 101.787
121.712 76.6159 123.379 86.6745
121.712 76.6159 125.507 67.2181
121.712 76.6159 134.77 82.0956
122.031 39.7812 122.069 25.0924
122.031 39.7812 131.195 45.3874
122.031 39.7812 131.781 33.5787
122.069 25.0924 127.297 15.4412
122.069 25.0924 131.781 33.5787
122.069 25.0924 138.409 19
122.254 5.51651 127.297 15.4412
122.254 5.51651 132.977 7.14763
122.254 5.51651 140.862 0.126335
123.379 86.6745 132.246 101.787
123.379 86.6745 134.77 82.0956
125.507 67.2181 129.364 57.6847
125.507 67.2181 134.77 82.0956
125.507 67.2181 135.655 66.8171
127.297 15.4412 132.977 7.14763
127.297 15.4412 138.409 19
129.364 57.6847 131.195 45.3874
129.364 57.6847 135.655 66.8171
129.364 57.6847 140.638 52.5486
131.195 45.3874 131.781 33.5787
131.195 45.3874 140.638 52.5486
131.195 45.3874 141.006 42.094
131.781 33.5787 138.409 19
131.781 33.5787 141.006 42.094
131.781 33.5787 149.771 25.014
132.246 101.787 134.77 82.0956
132.246 101.787 144.833 89.1013
132.246 101.787 151.074 101.01
132.246 101.787 161.994 106.288
132.977 7.14763 138.409 19
132.977 7.14763 140.862 0.126335
132.977 7.14763 151.033 7.65228
134.77 82.0956 135.655 66.8171
134.77 82.0956 144.833 89.1013
134.77 82.0956 149.852 72.9724
135.655 66.8171 140.638 52.5486
135.655 66.8171 145.755 61.2908
135.655 66.8171 149.852 72.9724
138.409 19 149.771 25.014
138.409 19 151.033 7.65228
140.638 52.5486 141.006 42.094
140.638 52.5486 145.755 61.2908
140.638 52.5486 153.251 53.6765
140.638 52.5486 153.508 42.5026
140.862 0.126335 151.033 7.65228
140.862 0.126335 165.966 8.49383
140.862 0.126335 178.084 4.41517
140.862 0.126335 191.79 5.54156
141.006 42.094 149.771 25.014
141.006 42.094 153.508 42.5026
144.833 89.1013 149.852 72.9724
144.833 89.1013 151.074 101.01
144.833 89.1013 155.012 86.5474
145.755 61.2908 149.852 72.9724
145.755 61.2908 153.251 53.6765
145.755 61.2908 160.957 62.2855
149.771 25.014 151.033 7.65228
149.771 25.014 153.508 42.5026
149.771 25.014 158.937 31.5242
149.771 25.014 162.265 20.0151
149.852 72.9724 155.012 86.5474
149.852 72.9724 160.213 74.597
149.852 72.9724 160.957 62.2855
151.033 7.65228 162.265 20.0151
151.033 7.65228 165.966 8.49383
151.074 101.01 155.012 86.5474
151.074 101.01 161.994 106.288
151.074 101.01 164.478 96.0756
153.251 53.6765 153.508 42.5026
153.251 53.6765 160.957 62.2855
153.251 53.6765 162.505 47.5803
153.508 42.5026 158.937 31.5242
153.508 42.5026 162.505 47.5803
155.012 86.5474 160.213 74.597
155.012 86.5474 164.478 96.0756
155.012 86.5474 165.224 84.4296
158.937 31.5242 162.265 20.0151
158.937 31.5242 162.505 47.5803
158.937 31.5242 171.566 27.001
158.937 31.5242 171.899 38.5233
160.213 74.597 160.957 62.2855
160.213 74.597 165.224 84.4296
160.213 74.597 169.343 70.3081
160.957 62.2855 162.505 47.5803
160.957 62.2855 169.343 70.3081
160.957 62.2855 172.298 58.2242
161.994 106.288 164.478 96.0756
161.994 106.288 173.968 106.008
162.265 20.0151 165.966 8.49383
162.265 20.0151 171.566 27.001
162.265 20.0151 174.879 15.0944
162.505 47.5803 171.899 38.5233
162.505 47.5803 172.298 58.2242
164.478 96.0756 165.224 84.4296
164.478 96.0756 173.968 106.008
164.478 96.0756 175.065 81.6422
164.478 96.0756 182.364 92.1596
165.224 84.4296 169.343 70.3081
165.224 84.4296 175.065 81.6422
165.966 8.49383 174.879 15.0944
165.966 8.49383 178.084 4.41517
169.343 70.3081 172.298 58.2242
169.343 70.3081 175.065 81.6422
169.343 70.3081 182.073 71.7998
171.566 27.001 171.899 38.5233
171.566 27.001 174.879 15.0944
171.566 27.001 181.805 30.9623
171.566 27.001 185.504 21.6496
171.899 38.5233 172.298 58.2242
171.899 38.5233 181.805 30.9623
171.899 38.5233 183.736 53.6707
171.899 38.5233 186.696 41.4947
172.298 58.2242 182.073 71.7998
172.298 58.2242 183.736 53.6707
173.968 106.008 182.364 92.1596
173.968 106.008 185.588 102.072
174.879 15.0944 178.084 4.41517
174.879 15.0944 185.504 21.6496
175.065 81.6422 182.073 71.7998
175.065 81.6422 182.364 92.1596
175.065 81.6422 189.795 84.063
178.084 4.41517 185.504 21.6496
178.084 4.41517 191.79 5.54156
181.805 30.9623 185.504 21.6496
181.805 30.9623 186.696 41.4947
181.805 30.9623 191.875 30.3721
182.073 71.7998 183.736 53.6707
182.073 71.7998 189.795 84.063
182.073 71.7998 190.497 64.3401
182.364 92.1596 185.588 102.072
182.364 92.1596 189.795 84.063
183.736 53.6707 186.696 41.4947
183.736 53.6707 190.497 64.3401
185.504 21.6496 191.79 5.54156
185.504 21.6496 191.875 30.3721
185.588 102.072 189.795 84.063
186.696 41.4947 190.497 64.3401
186.696 41.4947 191.875 30.3721
189.795 84.063 190.497 64.3401
190.497 64.3401 191.875 30.3721
191.79 5.54156 191.875 30.3721
