116.16 47.4136
104.331 45.2504
131.897 56.7892
139.043 68.9343
95.6941 53.3481
114.847 63.087
89.7033 64.0277
97.8512 71.73
106.188 33.1916
129.061 40.4887
129.246 76.6609
93.7717 39.3042
115.252 86.9795
147.335 38.4627
89.1015 77.2828
125.67 100.551
92.6602 88.352
76.5541 90.5134
76.6476 75.3868
143.225 53.6624
73.5676 100.135
128.67 89.1323
162.06 39.018
148.639 63.704
95.6437 20.2287
159.53 59.0027
91.6622 101.485
112.254 73.3718
146.882 77.2569
113.26 106.32
103.657 90.5256
118.374 36.7205
156.793 21.3402
79.7923 49.471
103.565 103.763
170.207 53.3815
138.341 93.2224
103.687 62.7124
124.227 67.4639
152.427 90.4101
76.3166 39.6307
148.899 104.42
172.757 41.1331
78.635 61.3504
153.032 5.87759
107.673 22.3475
63.3459 88.2581
162.954 81.2742
178.117 29.5675
135.705 26.6688
172.745 65.5707
68.7014 54.6217
152.626 49.2344
146.118 15.2802
99.2144 9.62242
122.822 17.4433
78.1834 26.7993
158.058 71.0337
124.169 27.4449
165.816 14.0346
59.3389 104.859
52.0002 56.6466
181.635 14.6802
84.107 9.58553
109.81 10.6962
188.454 51.5377
55.671 41.7397
172.427 2.79572
148.929 28.1297
167.702 27.6884
158.959 104.751
140.67 4.43313
162.567 93.1117
183.121 38.8629
41.6898 49.1093
67.059 25.3579
40.4659 31.7323
117.34 3.07752
89.4044 29.4512
63.1064 34.5444
136.544 107.306
173.097 83.6707
56.7857 76.3858
67.4447 64.9023
68.4676 15.1599
48.4657 23.4191
191.333 63.9964
52.9824 11.403
32.4069 39.597
68.1318 3.7034
190.259 29.0277
103.363 0.178694
183.499 2.77718
42.9451 93.7543
52.0617 88.4054
47.8378 67.3187
186.893 73.037
38.2942 73.2887
174.744 105.553
39.7381 17.3204
31.3139 59.165
48.7668 107.214
177.333 95.0953
23.2357 50.5123
136.05 13.8262
9.55976 48.1409
127.855 5.59575
34.6246 86.36
15.2584 34.5499
37.3649 105.515
45.1526 4.63237
10.6819 62.8523
24.4676 87.4999
28.0079 75.6176
183.595 87.1689
29.0615 26.8227
189.412 101.546
9.93702 82.5203
46.2955 79.5048
19.5078 97.5386
8.3615 92.8761
33.0939 1.71541
0.22424 34.1986
161.998 0.702538
26.9534 15.7435
17.4394 11.8708
12.6245 23.7392
5.42989 16.5072
23.0053 0.508389
2.22607 55.9968
31.8695 96.8886
21.0958 66.6266
3.4493 104.879
5.30971 0.925666
90.2407 1.00356
17.7661 107.559
5.78255 72.1789
80.0946 0.195386
0.612349 86.5191
