63.1064 34.5444 67.059 25.3579
0.612349 86.5191 8.3615 92.8761
103.565 103.763 113.26 106.32
148.899 104.42 158.959 104.751
186.893 73.037 191.333 63.9964
73.5676 100.135 76.5541 90.5134
122.822 17.4433 124.169 27.4449
177.333 95.0953 183.595 87.1689
38.2942 73.2887 46.2955 79.5048
0.612349 86.5191 9.93702 82.5203
23.0053 0.508389 33.0939 1.71541
17.7661 107.559 19.5078 97.5386
136.05 13.8262 146.118 15.2802
80.0946 0.195386 90.2407 1.00356
5.42989 16.5072 12.6245 23.7392
80.0946 0.195386 84.107 9.58553
24.4676 87.4999 34.6246 86.36
31.8695 96.8886 37.3649 105.515
17.4394 11.8708 26.9534 15.7435
67.059 25.3579 68.4676 15.1599
99.2144 9.62242 103.363 0.178694
55.671 41.7397 63.1064 34.5444
45.1526 4.63237 52.9824 11.403
114.847 63.087 124.227 67.4639
153.032 5.87759 161.998 0.702538
67.4447 64.9023 68.7014 54.6217
89.1015 77.2828 97.8512 71.73
148.929 28.1297 156.793 21.3402
143.225 53.6624 152.626 49.2344
162.954 81.2742 173.097 83.6707
76.3166 39.6307 79.7923 49.471
147.335 38.4627 148.929 28.1297
136.05 13.8262 140.67 4.43313
124.227 67.4639 129.246 76.6609
152.427 90.4101 162.567 93.1117
128.67 89.1323 138.341 93.2224
5.78255 72.1789 10.6819 62.8523
28.0079 75.6176 38.2942 73.2887
178.117 29.5675 183.121 38.8629
42.9451 93.7543 52.0617 88.4054
167.702 27.6884 178.117 29.5675
46.2955 79.5048 52.0617 88.4054
112.254 73.3718 114.847 63.087
172.757 41.1331 183.121 38.8629
161.998 0.702538 172.427 2.79572
39.7381 17.3204 48.4657 23.4191
99.2144 9.62242 109.81 10.6962
109.81 10.6962 117.34 3.07752
97.8512 71.73 103.687 62.7124
2.22607 55.9968 9.55976 48.1409
174.744 105.553 177.333 95.0953
89.4044 29.4512 93.7717 39.3042
117.34 3.07752 127.855 5.59575
48.7668 107.214 59.3389 104.859
31.8695 96.8886 34.6246 86.36
2.22607 55.9968 10.6819 62.8523
162.06 39.018 172.757 41.1331
116.16 47.4136 118.374 36.7205
139.043 68.9343 148.639 63.704
118.374 36.7205 124.169 27.4449
46.2955 79.5048 56.7857 76.3858
106.188 33.1916 107.673 22.3475
173.097 83.6707 183.595 87.1689
172.427 2.79572 183.499 2.77718
10.6819 62.8523 21.0958 66.6266
12.6245 23.7392 15.2584 34.5499
34.6246 86.36 42.9451 93.7543
89.4044 29.4512 95.6437 20.2287
5.78255 72.1789 9.93702 82.5203
103.687 62.7124 114.847 63.087
95.6437 20.2287 99.2144 9.62242
19.5078 97.5386 24.4676 87.4999
92.6602 88.352 103.657 90.5256
89.7033 64.0277 97.8512 71.73
67.059 25.3579 78.1834 26.7993
38.2942 73.2887 47.8378 67.3187
32.4069 39.597 40.4659 31.7323
26.9534 15.7435 29.0615 26.8227
52.0617 88.4054 63.3459 88.2581
118.374 36.7205 129.061 40.4887
21.0958 66.6266 28.0079 75.6176
158.058 71.0337 162.954 81.2742
78.635 61.3504 89.7033 64.0277
143.225 53.6624 148.639 63.704
139.043 68.9343 146.882 77.2569
47.8378 67.3187 52.0002 56.6466
68.1318 3.7034 68.4676 15.1599
37.3649 105.515 48.7668 107.214
78.1834 26.7993 89.4044 29.4512
40.4659 31.7323 48.4657 23.4191
124.169 27.4449 135.705 26.6688
156.793 21.3402 165.816 14.0346
127.855 5.59575 136.05 13.8262
89.1015 77.2828 92.6602 88.352
146.118 15.2802 153.032 5.87759
67.4447 64.9023 78.635 61.3504
131.897 56.7892 143.225 53.6624
125.67 100.551 128.67 89.1323
23.2357 50.5123 31.3139 59.165
95.6941 53.3481 104.331 45.2504
162.567 93.1117 162.954 81.2742
107.673 22.3475 109.81 10.6962
148.639 63.704 159.53 59.0027
148.639 63.704 158.058 71.0337
78.635 61.3504 79.7923 49.471
147.335 38.4627 152.626 49.2344
104.331 45.2504 116.16 47.4136
181.635 14.6802 183.499 2.77718
159.53 59.0027 170.207 53.3815
91.6622 101.485 103.565 103.763
93.7717 39.3042 104.331 45.2504
103.657 90.5256 115.252 86.9795
183.121 38.8629 190.259 29.0277
158.959 104.751 162.567 93.1117
89.7033 64.0277 95.6941 53.3481
146.118 15.2802 156.793 21.3402
33.0939 1.71541 45.1526 4.63237
29.0615 26.8227 40.4659 31.7323
90.2407 1.00356 99.2144 9.62242
170.207 53.3815 172.745 65.5707
128.67 89.1323 129.246 76.6609
170.207 53.3815 172.757 41.1331
76.6476 75.3868 89.1015 77.2828
17.4394 11.8708 23.0053 0.508389
21.0958 66.6266 31.3139 59.165
136.544 107.306 148.899 104.42
41.6898 49.1093 52.0002 56.6466
188.454 51.5377 191.333 63.9964
12.6245 23.7392 17.4394 11.8708
3.4493 104.879 8.3615 92.8761
91.6622 101.485 92.6602 88.352
32.4069 39.597 41.6898 49.1093
63.3459 88.2581 76.5541 90.5134
177.333 95.0953 189.412 101.546
183.121 38.8629 188.454 51.5377
0.22424 34.1986 15.2584 34.5499
76.5541 90.5134 76.6476 75.3868
5.30971 0.925666 5.42989 16.5072
0.22424 34.1986 9.55976 48.1409
0.612349 86.5191 3.4493 104.879
9.55976 48.1409 10.6819 62.8523
10.6819 62.8523 23.2357 50.5123
12.6245 23.7392 29.0615 26.8227
15.2584 34.5499 29.0615 26.8227
15.2584 34.5499 32.4069 39.597
23.0053 0.508389 26.9534 15.7435
23.2357 50.5123 32.4069 39.597
24.4676 87.4999 31.8695 96.8886
26.9534 15.7435 33.0939 1.71541
28.0079 75.6176 34.6246 86.36
29.0615 26.8227 39.7381 17.3204
31.8695 96.8886 42.9451 93.7543
33.0939 1.71541 39.7381 17.3204
39.7381 17.3204 52.9824 11.403
52.0617 88.4054 56.7857 76.3858
52.9824 11.403 68.1318 3.7034
59.3389 104.859 63.3459 88.2581
68.4676 15.1599 78.1834 26.7993
68.4676 15.1599 84.107 9.58553
68.7014 54.6217 78.635 61.3504
76.3166 39.6307 93.7717 39.3042
76.5541 90.5134 91.6622 101.485
76.6476 75.3868 78.635 61.3504
79.7923 49.471 95.6941 53.3481
84.107 9.58553 95.6437 20.2287
89.1015 77.2828 89.7033 64.0277
89.7033 64.0277 103.687 62.7124
90.2407 1.00356 103.363 0.178694
93.7717 39.3042 95.6941 53.3481
97.8512 71.73 112.254 73.3718
104.331 45.2504 118.374 36.7205
107.673 22.3475 118.374 36.7205
112.254 73.3718 124.227 67.4639
114.847 63.087 116.16 47.4136
115.252 86.9795 128.67 89.1323
122.822 17.4433 135.705 26.6688
125.67 100.551 136.544 107.306
127.855 5.59575 140.67 4.43313
129.246 76.6609 139.043 68.9343
129.246 76.6609 146.882 77.2569
135.705 26.6688 147.335 38.4627
138.341 93.2224 146.882 77.2569
139.043 68.9343 143.225 53.6624
143.225 53.6624 147.335 38.4627
146.882 77.2569 148.639 63.704
146.882 77.2569 152.427 90.4101
146.882 77.2569 162.954 81.2742
152.626 49.2344 159.53 59.0027
152.626 49.2344 162.06 39.018
158.058 71.0337 159.53 59.0027
158.058 71.0337 172.745 65.5707
158.959 104.751 174.744 105.553
162.06 39.018 167.702 27.6884
162.06 39.018 170.207 53.3815
162.954 81.2742 172.745 65.5707
165.816 14.0346 172.427 2.79572
173.097 83.6707 186.893 73.037
181.635 14.6802 190.259 29.0277
