79.2445 68.4245 88.7141 71.6392
181.805 30.9623 185.504 21.6496
106.863 95.3112 109.283 105.049
40.3595 89.6149 50.1097 92.0145
127.297 15.4412 132.977 7.14763
15.3633 21.3334 25.2423 19.4671
58.2797 39.6151 68.2692 38.4664
181.805 30.9623 191.875 30.3721
160.213 74.597 169.343 70.3081
10.9167 100.265 19.4308 94.8438
69.6249 62.0237 71.7409 52.1262
140.638 52.5486 145.755 61.2908
121.712 76.6159 125.507 67.2181
125.507 67.2181 135.655 66.8171
110.139 53.3317 118.471 59.1417
76.7 19.6651 85.6571 14.8682
88.7141 71.6392 90.6935 61.6656
60.6358 22.4203 66.4177 14.0449
68.2692 38.4664 72.4519 29.1864
121.712 76.6159 123.379 86.6745
50.1097 92.0145 59.6076 88.2495
165.224 84.4296 175.065 81.6422
30.0687 72.799 39.166 77.5721
15.9776 73.1837 21.2677 64.3759
24.5229 43.1044 34.3544 46.105
104.223 44.921 110.139 53.3317
125.507 67.2181 129.364 57.6847
74.2514 77.4268 79.2445 68.4245
66.4177 14.0449 74.8995 8.1892
59.6076 88.2495 66.5074 95.9137
153.508 42.5026 162.505 47.5803
131.195 45.3874 141.006 42.094
90.6935 61.6656 101.019 60.9362
5.87103 53.1389 10.3108 62.5132
88.7141 71.6392 96.9278 78.0392
106.863 95.3112 109.182 85.1576
29.9015 96.1057 38.2226 102.38
182.364 92.1596 185.588 102.072
72.4519 29.1864 76.7 19.6651
155.012 86.5474 165.224 84.4296
15.3633 21.3334 21.4604 29.8236
140.638 52.5486 141.006 42.094
74.2514 77.4268 77.671 87.314
38.2226 102.38 48.526 104.328
149.852 72.9724 160.213 74.597
29.022 107.414 38.2226 102.38
144.833 89.1013 155.012 86.5474
161.994 106.288 164.478 96.0756
89.7367 98.4011 94.2279 107.932
3.17517 107.422 10.9167 100.265
19.4308 94.8438 29.9015 96.1057
60.3812 56.9314 69.6249 62.0237
132.977 7.14763 140.862 0.126335
92.2856 87.5274 96.9278 78.0392
44.8509 7.10881 52.9249 13.9268
50.8528 80.2059 58.1501 72.5402
23.9525 8.93187 25.2423 19.4671
3.41189 5.48696 12.9895 10.1363
1.50191 27.1062 3.23801 16.5734
145.755 61.2908 153.251 53.6765
118.471 59.1417 125.507 67.2181
122.031 39.7812 131.195 45.3874
89.1409 26.2503 99.5241 29.0932
122.254 5.51651 132.977 7.14763
27.1833 83.2659 30.0687 72.799
96.9278 78.0392 106.373 72.6409
121.403 100.088 132.246 101.787
122.069 25.0924 127.297 15.4412
171.566 27.001 181.805 30.9623
182.364 92.1596 189.795 84.063
83.9002 53.0244 90.6935 61.6656
32.6399 35.2435 34.3544 46.105
12.9895 10.1363 23.9525 8.93187
21.2677 64.3759 25.7194 54.2848
160.213 74.597 165.224 84.4296
153.251 53.6765 162.505 47.5803
32.6399 35.2435 43.0643 39.0126
3.23801 16.5734 3.41189 5.48696
165.966 8.49383 174.879 15.0944
50.9434 62.7573 60.3812 56.9314
99.286 10.7768 105.229 1.40651
10.3108 62.5132 21.2677 64.3759
93.1812 43.5508 104.223 44.921
174.879 15.0944 178.084 4.41517
14.6546 84.2677 15.9776 73.1837
89.7367 98.4011 92.2856 87.5274
66.5074 95.9137 76.1574 101.601
25.2423 19.4671 36.4347 18.4502
149.771 25.014 158.937 31.5242
24.5229 43.1044 25.7194 54.2848
182.073 71.7998 190.497 64.3401
30.0687 72.799 39.2434 66.1395
52.9249 13.9268 60.6358 22.4203
135.655 66.8171 145.755 61.2908
171.566 27.001 171.899 38.5233
153.251 53.6765 160.957 62.2855
69.6249 62.0237 79.2445 68.4245
122.031 39.7812 131.781 33.5787
14.6546 84.2677 19.4308 94.8438
160.957 62.2855 169.343 70.3081
181.805 30.9623 186.696 41.4947
74.8995 8.1892 76.7 19.6651
111.939 30.7969 122.069 25.0924
162.265 20.0151 171.566 27.001
127.297 15.4412 138.409 19
164.478 96.0756 165.224 84.4296
45.5641 52.3386 50.9434 62.7573
23.9525 8.93187 33.606 2.16128
50.1097 92.0145 50.8528 80.2059
101.019 60.9362 110.139 53.3317
85.6571 14.8682 89.1409 26.2503
161.994 106.288 173.968 106.008
39.166 77.5721 50.8528 80.2059
158.937 31.5242 162.265 20.0151
61.3231 3.14944 66.4177 14.0449
160.957 62.2855 172.298 58.2242
175.065 81.6422 182.073 71.7998
162.265 20.0151 165.966 8.49383
151.074 101.01 161.994 106.288
50.9434 62.7573 58.1501 72.5402
21.2677 64.3759 30.0687 72.799
153.508 42.5026 158.937 31.5242
134.77 82.0956 144.833 89.1013
173.968 106.008 185.588 102.072
63.5164 107.828 66.5074 95.9137
33.606 2.16128 44.8509 7.10881
172.298 58.2242 183.736 53.6707
21.4604 29.8236 32.6399 35.2435
99.5241 29.0932 111.939 30.7969
110.175 18.3629 111.939 30.7969
72.4519 29.1864 81.3302 38.1488
140.862 0.126335 151.033 7.65228
36.4347 18.4502 47.0566 25.3554
106.373 72.6409 109.182 85.1576
109.283 105.049 121.403 100.088
2.05263 90.4445 10.9167 100.265
99.286 10.7768 110.175 18.3629
74.8995 8.1892 85.6537 0.156989
1.50191 27.1062 9.49388 38.0087
178.084 4.41517 191.79 5.54156
1.33544 75.5187 15.9776 73.1837
