0.642233 10.7593 3.05588 56.0266
0.642233 10.7593 5.16439 25.5579
0.642233 10.7593 5.52275 43.4903
0.642233 10.7593 8.09979 2.8443
0.642233 10.7593 9.97484 14.4901
3.05588 56.0266 5.52275 43.4903
3.05588 56.0266 9.27581 93.1492
3.05588 56.0266 9.35676 83.065
3.05588 56.0266 11.2434 70.916
3.05588 56.0266 15.9486 50.8255
3.05588 56.0266 19.7649 60.2908
5.16439 25.5579 5.52275 43.4903
5.16439 25.5579 9.97484 14.4901
5.16439 25.5579 19.6761 21.4911
5.16439 25.5579 20.4692 35.0405
5.52275 43.4903 15.9486 50.8255
5.52275 43.4903 20.4692 35.0405
8.09979 2.8443 9.97484 14.4901
8.09979 2.8443 18.4422 5.83537
8.09979 2.8443 28.2739 2.91556
8.09979 2.8443 55.2493 0.265992
9.27581 93.1492 9.35676 83.065
9.27581 93.1492 21.8331 81.053
9.27581 93.1492 24.2884 92.7836
9.27581 93.1492 41.1534 95.7218
9.27581 93.1492 70.7315 99.3618
9.35676 83.065 11.2434 70.916
9.35676 83.065 21.8331 81.053
9.97484 14.4901 18.4422 5.83537
9.97484 14.4901 19.6761 21.4911
11.2434 70.916 19.7649 60.2908
11.2434 70.916 21.8331 81.053
11.2434 70.916 25.2441 71.2851
15.9486 50.8255 19.7649 60.2908
15.9486 50.8255 20.4692 35.0405
15.9486 50.8255 32.0999 52.8773
15.9486 50.8255 33.0979 42.8749
18.4422 5.83537 19.6761 21.4911
18.4422 5.83537 28.2739 2.91556
18.4422 5.83537 28.8856 16.4661
19.6761 21.4911 20.4692 35.0405
19.6761 21.4911 28.8856 16.4661
19.6761 21.4911 33.9824 32.3302
19.7649 60.2908 25.2441 71.2851
19.7649 60.2908 32.0999 52.8773
19.7649 60.2908 33.5652 63.9676
20.4692 35.0405 33.0979 42.8749
20.4692 35.0405 33.9824 32.3302
21.8331 81.053 24.2884 92.7836
21.8331 81.053 25.2441 71.2851
21.8331 81.053 31.3032 85.3098
24.2884 92.7836 31.3032 85.3098
24.2884 92.7836 41.1534 95.7218
25.2441 71.2851 31.3032 85.3098
25.2441 71.2851 33.5652 63.9676
25.2441 71.2851 38.1413 77.8305
28.2739 2.91556 28.8856 16.4661
28.2739 2.91556 40.2439 18.001
28.2739 2.91556 45.425 8.21778
28.2739 2.91556 55.2493 0.265992
28.8856 16.4661 33.9824 32.3302
28.8856 16.4661 40.2439 18.001
31.3032 85.3098 38.1413 77.8305
31.3032 85.3098 41.1534 95.7218
32.0999 52.8773 33.0979 42.8749
32.0999 52.8773 33.5652 63.9676
32.0999 52.8773 47.5317 46.3507
32.0999 52.8773 48.9889 60.9356
33.0979 42.8749 33.9824 32.3302
33.0979 42.8749 47.5317 46.3507
33.0979 42.8749 50.5458 36.127
33.5652 63.9676 38.1413 77.8305
33.5652 63.9676 44.7846 70.1162
33.5652 63.9676 48.9889 60.9356
33.9824 32.3302 40.2439 18.001
33.9824 32.3302 49.0892 25.2272
33.9824 32.3302 50.5458 36.127
38.1413 77.8305 41.1534 95.7218
38.1413 77.8305 44.7846 70.1162
38.1413 77.8305 51.4482 80.6199
40.2439 18.001 45.425 8.21778
40.2439 18.001 49.0892 25.2272
40.2439 18.001 57.0363 16.8096
41.1534 95.7218 51.4482 80.6199
41.1534 95.7218 52.8121 94.2943
41.1534 95.7218 70.7315 99.3618
44.7846 70.1162 48.9889 60.9356
44.7846 70.1162 51.4482 80.6199
44.7846 70.1162 59.4874 74.1311
45.425 8.21778 55.2493 0.265992
45.425 8.21778 57.0363 16.8096
47.5317 46.3507 48.9889 60.9356
47.5317 46.3507 50.5458 36.127
47.5317 46.3507 59.1545 61.418
47.5317 46.3507 63.529 46.0956
48.9889 60.9356 59.1545 61.418
48.9889 60.9356 59.4874 74.1311
49.0892 25.2272 50.5458 36.127
49.0892 25.2272 57.0363 16.8096
49.0892 25.2272 58.6732 28.5312
50.5458 36.127 58.6732 28.5312
50.5458 36.127 63.529 46.0956
50.5458 36.127 66.8736 35.5131
51.4482 80.6199 52.8121 94.2943
51.4482 80.6199 59.4874 74.1311
51.4482 80.6199 68.9351 89.2894
52.8121 94.2943 68.9351 89.2894
52.8121 94.2943 70.7315 99.3618
55.2493 0.265992 57.0363 16.8096
55.2493 0.265992 70.3144 3.00107
55.2493 0.265992 87.2446 2.07352
57.0363 16.8096 58.6732 28.5312
57.0363 16.8096 67.8463 18.3021
57.0363 16.8096 70.3144 3.00107
58.6732 28.5312 66.8736 35.5131
58.6732 28.5312 67.8463 18.3021
59.1545 61.418 59.4874 74.1311
59.1545 61.418 63.529 46.0956
59.1545 61.418 70.8697 61.28
59.1545 61.418 72.6558 51.3315
59.4874 74.1311 68.9351 89.2894
59.4874 74.1311 70.8697 61.28
59.4874 74.1311 71.6912 77.4104
63.529 46.0956 66.8736 35.5131
63.529 46.0956 72.6558 51.3315
63.529 46.0956 77.042 41.7756
66.8736 35.5131 67.8463 18.3021
66.8736 35.5131 77.042 41.7756
66.8736 35.5131 82.1907 30.6838
67.8463 18.3021 70.3144 3.00107
67.8463 18.3021 80.3435 20.3223
67.8463 18.3021 82.1907 30.6838
68.9351 89.2894 70.7315 99.3618
68.9351 89.2894 71.6912 77.4104
68.9351 89.2894 79.7765 95.0267
68.9351 89.2894 83.7398 85.1085
70.3144 3.00107 80.3435 20.3223
70.3144 3.00107 87.2446 2.07352
70.3144 3.00107 87.9899 12.2913
70.7315 99.3618 79.7765 95.0267
70.7315 99.3618 99.2757 99.9901
70.8697 61.28 71.6912 77.4104
70.8697 61.28 72.6558 51.3315
70.8697 61.28 78.3547 68.4007
70.8697 61.28 82.3512 57.948
71.6912 77.4104 78.3547 68.4007
71.6912 77.4104 83.7398 85.1085
72.6558 51.3315 77.042 41.7756
72.6558 51.3315 82.3512 57.948
77.042 41.7756 82.1907 30.6838
77.042 41.7756 82.3512 57.948
77.042 41.7756 87.311 43.408
78.3547 68.4007 82.3512 57.948
78.3547 68.4007 83.7398 85.1085
78.3547 68.4007 94.1508 80.3431
78.3547 68.4007 97.2002 70.752
79.7765 95.0267 83.7398 85.1085
79.7765 95.0267 90.6983 93.2641
79.7765 95.0267 99.2757 99.9901
80.3435 20.3223 82.1907 30.6838
80.3435 20.3223 87.9899 12.2913
80.3435 20.3223 92.1201 24.5978
82.1907 30.6838 87.311 43.408
82.1907 30.6838 92.1201 24.5978
82.1907 30.6838 98.9783 39.6084
82.3512 57.948 87.311 43.408
82.3512 57.948 96.4429 51.7001
82.3512 57.948 97.2002 70.752
83.7398 85.1085 90.6983 93.2641
83.7398 85.1085 94.1508 80.3431
87.2446 2.07352 87.9899 12.2913
87.2446 2.07352 98.9788 10.6296
87.311 43.408 96.4429 51.7001
87.311 43.408 98.9783 39.6084
87.9899 12.2913 92.1201 24.5978
87.9899 12.2913 98.9788 10.6296
90.6983 93.2641 94.1508 80.3431
90.6983 93.2641 99.2757 99.9901
92.1201 24.5978 98.9783 39.6084
92.1201 24.5978 98.9788 10.6296
94.1508 80.3431 97.2002 70.752
94.1508 80.3431 99.2757 99.9901
96.4429 51.7001 97.2002 70.752
96.4429 51.7001 98.9783 39.6084
97.2002 70.752 98.9783 39.6084
97.2002 70.752 99.2757 99.9901
98.9783 39.6084 98.9788 10.6296
98.9783 39.6084 99.2757 99.9901
